10 500000 400000
10 500000 400000
10 500000 400000
10 500000 400000
10 500000 400000
10 500000 400000
10 500000 400000
10 500000 400000
10 500000 400000
10 500000 400000
10 500000 400000
10 500000 400000
10 500000 400000
10 500000 400000
10 500000 400000
10 500000 400000
10 500000 400000
10 500000 400000
10 500000 400000
10 500000 400000
10 500000 400000
10 500000 400000
10 500000 400000
10 500000 400000
10 500000 400000
10 500000 400000
10 500000 400000
10 500000 400000
10 500000 400000
10 500000 400000
200 500000 400000
200 500000 400000
200 500000 400000
200 500000 400000
200 500000 400000
200 500000 400000
200 500000 400000
200 500000 400000
200 500000 400000
200 500000 400000